name: match_my_mentor
channels:
  - qc-internal
  - conda-forge
dependencies:
  - amply=0.1.6=pyhd8ed1ab_0
  - blinker=1.7.0=pyhd8ed1ab_0
  - bzip2=1.0.8=h93a5062_5
  - ca-certificates=2024.2.2=hf0a4a13_0
  - click=8.1.7=unix_pyh707e725_0
  - coin-or-cbc=2.10.10=hfaca913_0
  - coin-or-cgl=0.60.7=hf050ae7_0
  - coin-or-clp=1.17.8=h65c2c7c_0
  - coin-or-osi=0.108.8=h19bcb3e_0
  - coin-or-utils=2.11.11=h0f73d51_0
  - coincbc=2.10.10=0_metapackage
  - colorama=0.4.6=pyhd8ed1ab_0
  - docutils=0.21.1=pyhd8ed1ab_0
  - flask=3.0.2=pyhd8ed1ab_0
  - flask-sqlalchemy=3.0.3=pyhd8ed1ab_0
  - flask-wtf=1.2.1=pyhd8ed1ab_0
  - greenlet=3.0.3=py312h20a0b95_0
  - gunicorn=22.0.0=py312h81bd7bf_0
  - importlib-metadata=7.1.0=pyha770c72_0
  - itsdangerous=2.1.2=pyhd8ed1ab_0
  - jinja2=3.1.3=pyhd8ed1ab_0
  - libblas=3.9.0=22_osxarm64_openblas
  - libcblas=3.9.0=22_osxarm64_openblas
  - libcxx=16.0.6=h4653b0c_0
  - libexpat=2.6.2=hebf3989_0
  - libffi=3.4.2=h3422bc3_5
  - libgfortran=5.0.0=13_2_0_hd922786_3
  - libgfortran5=13.2.0=hf226fd6_3
  - liblapack=3.9.0=22_osxarm64_openblas
  - liblapacke=3.9.0=22_osxarm64_openblas
  - libopenblas=0.3.27=openmp_h6c19121_0
  - libsqlite=3.45.2=h091b4b1_0
  - libzlib=1.2.13=h53f4e23_5
  - llvm-openmp=18.1.3=hcd81f8e_0
  - markupsafe=2.1.5=py312he37b823_0
  - ncurses=6.4.20240210=h078ce10_0
  - openssl=3.2.1=h0d3ecfb_1
  - packaging=24.0=pyhd8ed1ab_0
  - pip=24.0=pyhd8ed1ab_0
  - pulp=2.8.0=py312h81bd7bf_0
  - pyparsing=3.1.2=pyhd8ed1ab_0
  - pypng=0.20220715.0=pyhd8ed1ab_0
  - python=3.12.2=hdf0ec26_0_cpython
  - python_abi=3.12=4_cp312
  - qrcode=7.4.2=pyhd8ed1ab_0
  - readline=8.2=h92ec313_1
  - setuptools=69.2.0=pyhd8ed1ab_0
  - sqlalchemy=2.0.29=py312he37b823_0
  - tk=8.6.13=h5083fa2_1
  - typing-extensions=4.10.0=hd8ed1ab_0
  - typing_extensions=4.10.0=pyha770c72_0
  - tzdata=2024a=h0c530f3_0
  - werkzeug=3.0.1=pyhd8ed1ab_0
  - wheel=0.43.0=pyhd8ed1ab_1
  - wtforms=3.1.2=pyhd8ed1ab_0
  - xz=5.2.6=h57fd34a_0
  - zipp=3.17.0=pyhd8ed1ab_0
prefix: /opt/homebrew/Caskroom/miniforge/base/envs/match_my_mentor
